3
34
57
7
31
93
75
38
26
95
25
40
70
37
41
21
24
13
80
74
29
54
55
16
58
31
57
54
7
56
27
53
76
64
82
10
68
13
21
11
19
27
2
84
48
68
87
58
8
92
46
47
1
81
12
8
99
94
39
55
4
54
29
83
9
76
77
70
92
42
17
27
5
27
55
59
1
21
74
34
78
43
60
15
14
36
57
36
50
39
15
47
56
0
73
95
36
28
71
75
76
0
12
90
47
77
31
47
76
44
0
27
92
87
67
26
89
66
46
23
47
29
96
32
30
25
99
78
18
81
87
77
35
26
97
12
33
0
98
53
22
37
30
1
39
55
18
67
46
3
65
50
67
0
63
92
66
11
66
22
76
21
90
35
42
98
90
46
50
97
13
64
14
80
16
38
0
12
73
11
64
34
92
42
52
1
6
92
69
24
43
53
76
51
66
50
64
82
81
42
28
6
95
97
90
97
41
79
21
53
80
78
16
37
16
40
63
31
39
3
11
22
54
66
24
40
37
29
90
64
31
42
58
31
12
4
66
96
18
61
8
22
3
31
5
10
45
59
85
43
14
62
19
31
3
45
26
83
91
5
96
98
88
25
32
75
28
52
91
53
12
27
99
56
91
35
24
46
3
63
60
48
37
61
50
48
65
3
24
12
46
66
73
97
87
15
74
54
52
14
29
15
60
40
36
98
23
61
12
41
77
32
14
58
42
67
15
89
38
86
64
44
52
95
1
25
38
84
88
16
99
82
59
92
29
59
54
45
72
87
78
87
9
70
73
22
80
69
7
94
64
60
56
55
4
41
69
38
31
12
34
38
77
99
77
34
46
5
4
40
37
46
93
12
29
17
27
59
44
11
37
71
23
52
35
35
98
12
85
88
47
96
28
28
55
62
56
82
94
71
28
79
18
89
26
96
26
70
58
6
52
4
50
71
33
78
16
6
55
75
60
63
70
10
30
49
12
31
96
61
10
54
89
99
43
66
12
51
27
32
96
66
78
65
62
92
21
38
1
84
26
88
59
83
3
28
40
9
88
21
12
41
62
76
50
19
32
98
64
93
62
62
19
60
61
98
47
29
30
32
17
16
35
0
73
47
59
85
94
25
99
53
29
51
17
87
45
36
90
13
57
61
13
58
37
79
34
30
8
17
93
88
64
22
35
30
30
45
30
49
16
88
2
79
34
55
49
2
57
9
56
50
64
73
29
80
29
47
88
66
55
85
33
79
49
43
0
24
16
91
92
44
7
6
28
14
40
20
28
29
6
95
39
54
65
11
17
14
38
88
35
38
12
30
4
0
22
66
52
6
64
35
89
79
57
64
25
7
78
24
99
9
96
80
81
76
51
53
35
89
58
40
71
61
68
50
72
11
2
76
99
82
93
7
96
72
43
93
54
2
85
70
61
24
71
23
92
73
54
89
25
6
48
80
81
48
35
22
10
16
1
16
67
90
41
32
74
33
37
62
1
98
64
13
60
4
74
65
36
97
40
84
40
28
32
46
96
31
24
74
46
55
43
54
54
86
36
18
91
45
60
38
45
48
60
7
94
40
71
24
43
51
34
66
24
11
70
25
88
29
32
90
88
64
36
63
71
75
43
77
35
4
38
2
35
0
92
18
80
27
81
60
39
29
54
63
21
15
74
78
34
39
70
38
31
68
72
62
83
9
73
69
57
2
20
45
81
89
37
51
46
88
4
56
27
4
12
23
38
56
43
92
92
12
22
1
89
73
91
60
24
0
35
70
99
19
35
19
49
56
75
30
8
16
24
76
7
39
47
82
4
6
31
8
68
54
58
97
88
13
77
80
92
91
89
60
79
24
1
21
74
88
80
83
97
44
6
1
36
16
72
47
11
30
1
33
78
62
83
56
4
83
62
6
67
35
86
62
58
8
4
14
65
15
23
90
10
97
60
78
81
36
18
4
15
3
65
23
60
43
32
76
67
19
6
47
67
4
82
70
27
90
50
54
96
34
74
27
11
58
59
99
54
58
10
27
11
81
75
59
96
59
3
35
39
86
53
42
62
81
18
38
32
68
45
98
78
52
14
82
56
14
15
1
60
47
75
2
25
8
35
36
97
91
88
94
13
90
52
92
55
43
34
68
31
25
59
54
15
35
54
67
68
87
8
88
49
59
90
75
31
8
33
98
24
27
92
42
53
69
85
52
35
29
93
42
77
78
2
72
56
48
46
45
49
29
42
22
52
85
27
95
26
73
66
30
28
62
98
93
39
37
97
70
72
57
96
69
94
89
